#
# This file contains a list of patients
# that have revoked consent from UKBB
#
# w55647_20221003.csv 
#
1093628
1194159
1245018
1403840
1509880
1611877
1626925
1657199
1666462
1701296
1710085
1721129
1736948
1751739
1777728
1839974
1871896
1899197
1950085
2083904
2105158
2106864
2112981
2127175
2144770
2239909
2260137
2280517
2336652
2340832
2488452
2508818
2558640
2606845
2780130
2843195
2868777
2946941
3083752
3084806
3097962
3106739
3107464
3161856
3213610
3289814
3310168
3398635
3510164
3536617
3563188
3611561
3704443
3706186
3716118
3723689
3796472
3802015
3813635
3816517
3830542
3861195
3896170
3906667
4007765
4119234
4149746
4172920
4192844
4224179
4444385
4486132
4496740
4521708
4542857
4735679
4829960
4908007
4926059
5086772
5094836
5131495
5170470
5181970
5185491
5214252
5215392
5218470
5228554
5247438
5285454
5315819
5337506
5342834
5385358
5427079
5586737
5606144
5635748
5659418
5726225
5767081
5862025
5867442
5892474
5964896
5966216
5982137
